11 0.312736 0.503060 0.620283 0.968893
11 0.233726 0.509179 0.091981 0.124426
11 0.165920 0.491841 0.086085 0.163182
11 0.282665 0.312341 0.104953 0.146864
11 0.157075 0.223610 0.091981 0.148904
11 0.286203 0.714176 0.119104 0.183580
11 0.257311 0.855941 0.155660 0.210097
11 0.070401 0.918154 0.109670 0.155023
11 0.474292 0.808006 0.106132 0.167262
11 0.438915 0.649924 0.101415 0.169301
11 0.570401 0.413310 0.102594 0.144824
11 0.549764 0.284804 0.094340 0.165222
11 0.430660 0.285824 0.101415 0.167262